Range 150
ChargingEfficiency 0.9
NumParallelCells 2
NumSeriesBlocks 96
CapacityCell 33.1
CapacitySafeRangeUpper 0.9
CapacitySafeRangeLower 0.1
VoltageNominalCell 3.75
ResistanceInternalCell 0.01
VoltageMaximum 4.2
SOC, Voltage
0,3.0134
0.1,3.0193
0.2,3.0252
0.3,3.031
0.4,3.0368
0.5,3.0425
0.6,3.0482
0.7,3.0538
0.8,3.0595
0.9,3.065
1,3.0706
1.1,3.0761
1.2,3.0816
1.3,3.087
1.4,3.0924
1.5,3.0978
1.6,3.1031
1.7,3.1084
1.8,3.1136
1.9,3.1189
2,3.124
2.1,3.1292
2.2,3.1343
2.3,3.1394
2.4,3.1444
2.5,3.1494
2.6,3.1544
2.7,3.1593
2.8,3.1643
2.9,3.1691
3,3.174
3.1,3.1788
3.2,3.1835
3.3,3.1883
3.4,3.193
3.5,3.1977
3.6,3.2023
3.7,3.2069
3.8,3.2115
3.9,3.2161
4,3.2206
4.1,3.2251
4.2,3.2295
4.3,3.2339
4.4,3.2383
4.5,3.2427
4.6,3.247
4.7,3.2513
4.8,3.2556
4.9,3.2598
5,3.264
5.1,3.2682
5.2,3.2724
5.3,3.2765
5.4,3.2806
5.5,3.2847
5.6,3.2887
5.7,3.2927
5.8,3.2967
5.9,3.3006
6,3.3045
6.1,3.3084
6.2,3.3123
6.3,3.3161
6.4,3.32
6.5,3.3237
6.6,3.3275
6.7,3.3312
6.8,3.3349
6.9,3.3386
7,3.3423
7.1,3.3459
7.2,3.3495
7.3,3.353
7.4,3.3566
7.5,3.3601
7.6,3.3636
7.7,3.3671
7.8,3.3705
7.9,3.3739
8,3.3773
8.1,3.3807
8.2,3.384
8.3,3.3874
8.4,3.3907
8.5,3.3939
8.6,3.3972
8.7,3.4004
8.8,3.4036
8.9,3.4068
9,3.4099
9.1,3.4131
9.2,3.4162
9.3,3.4193
9.4,3.4223
9.5,3.4254
9.6,3.4284
9.7,3.4314
9.8,3.4343
9.9,3.4373
10,3.4402
10.1,3.4431
10.2,3.446
10.3,3.4489
10.4,3.4517
10.5,3.4545
10.6,3.4573
10.7,3.4601
10.8,3.4629
10.9,3.4656
11,3.4683
11.1,3.471
11.2,3.4737
11.3,3.4763
11.4,3.479
11.5,3.4816
11.6,3.4842
11.7,3.4867
11.8,3.4893
11.9,3.4918
12,3.4944
12.1,3.4969
12.2,3.4993
12.3,3.5018
12.4,3.5042
12.5,3.5067
12.6,3.5091
12.7,3.5115
12.8,3.5138
12.9,3.5162
13,3.5185
13.1,3.5208
13.2,3.5231
13.3,3.5254
13.4,3.5277
13.5,3.5299
13.6,3.5321
13.7,3.5343
13.8,3.5365
13.9,3.5387
14,3.5409
14.1,3.543
14.2,3.5451
14.3,3.5472
14.4,3.5493
14.5,3.5514
14.6,3.5535
14.7,3.5555
14.8,3.5576
14.9,3.5596
15,3.5616
15.1,3.5635
15.2,3.5655
15.3,3.5675
15.4,3.5694
15.5,3.5713
15.6,3.5732
15.7,3.5751
15.8,3.577
15.9,3.5789
16,3.5807
16.1,3.5826
16.2,3.5844
16.3,3.5862
16.4,3.588
16.5,3.5897
16.6,3.5915
16.7,3.5933
16.8,3.595
16.9,3.5967
17,3.5984
17.1,3.6001
17.2,3.6018
17.3,3.6035
17.4,3.6051
17.5,3.6068
17.6,3.6084
17.7,3.61
17.8,3.6116
17.9,3.6132
18,3.6148
18.1,3.6164
18.2,3.6179
18.3,3.6195
18.4,3.621
18.5,3.6225
18.6,3.6241
18.7,3.6256
18.8,3.627
18.9,3.6285
19,3.63
19.1,3.6314
19.2,3.6329
19.3,3.6343
19.4,3.6357
19.5,3.6371
19.6,3.6385
19.7,3.6399
19.8,3.6413
19.9,3.6426
20,3.644
20.1,3.6453
20.2,3.6467
20.3,3.648
20.4,3.6493
20.5,3.6506
20.6,3.6519
20.7,3.6532
20.8,3.6545
20.9,3.6557
21,3.657
21.1,3.6582
21.2,3.6595
21.3,3.6607
21.4,3.6619
21.5,3.6631
21.6,3.6643
21.7,3.6655
21.8,3.6667
21.9,3.6678
22,3.669
22.1,3.6701
22.2,3.6713
22.3,3.6724
22.4,3.6735
22.5,3.6747
22.6,3.6758
22.7,3.6769
22.8,3.678
22.9,3.6791
23,3.6801
23.1,3.6812
23.2,3.6823
23.3,3.6833
23.4,3.6844
23.5,3.6854
23.6,3.6864
23.7,3.6874
23.8,3.6885
23.9,3.6895
24,3.6905
24.1,3.6915
24.2,3.6924
24.3,3.6934
24.4,3.6944
24.5,3.6954
24.6,3.6963
24.7,3.6973
24.8,3.6982
24.9,3.6991
25,3.7001
25.1,3.701
25.2,3.7019
25.3,3.7028
25.4,3.7037
25.5,3.7046
25.6,3.7055
25.7,3.7064
25.8,3.7073
25.9,3.7081
26,3.709
26.1,3.7099
26.2,3.7107
26.3,3.7116
26.4,3.7124
26.5,3.7133
26.6,3.7141
26.7,3.7149
26.8,3.7157
26.9,3.7165
27,3.7174
27.1,3.7182
27.2,3.719
27.3,3.7198
27.4,3.7205
27.5,3.7213
27.6,3.7221
27.7,3.7229
27.8,3.7236
27.9,3.7244
28,3.7252
28.1,3.7259
28.2,3.7267
28.3,3.7274
28.4,3.7281
28.5,3.7289
28.6,3.7296
28.7,3.7303
28.8,3.7311
28.9,3.7318
29,3.7325
29.1,3.7332
29.2,3.7339
29.3,3.7346
29.4,3.7353
29.5,3.736
29.6,3.7367
29.7,3.7374
29.8,3.738
29.9,3.7387
30,3.7394
30.1,3.74
30.2,3.7407
30.3,3.7414
30.4,3.742
30.5,3.7427
30.6,3.7433
30.7,3.744
30.8,3.7446
30.9,3.7453
31,3.7459
31.1,3.7465
31.2,3.7471
31.3,3.7478
31.4,3.7484
31.5,3.749
31.6,3.7496
31.7,3.7502
31.8,3.7509
31.9,3.7515
32,3.7521
32.1,3.7527
32.2,3.7533
32.3,3.7539
32.4,3.7544
32.5,3.755
32.6,3.7556
32.7,3.7562
32.8,3.7568
32.9,3.7574
33,3.7579
33.1,3.7585
33.2,3.7591
33.3,3.7597
33.4,3.7602
33.5,3.7608
33.6,3.7613
33.7,3.7619
33.8,3.7625
33.9,3.763
34,3.7636
34.1,3.7641
34.2,3.7647
34.3,3.7652
34.4,3.7658
34.5,3.7663
34.6,3.7668
34.7,3.7674
34.8,3.7679
34.9,3.7684
35,3.769
35.1,3.7695
35.2,3.77
35.3,3.7706
35.4,3.7711
35.5,3.7716
35.6,3.7721
35.7,3.7726
35.8,3.7732
35.9,3.7737
36,3.7742
36.1,3.7747
36.2,3.7752
36.3,3.7757
36.4,3.7762
36.5,3.7767
36.6,3.7772
36.7,3.7777
36.8,3.7782
36.9,3.7787
37,3.7792
37.1,3.7797
37.2,3.7802
37.3,3.7807
37.4,3.7812
37.5,3.7817
37.6,3.7822
37.7,3.7827
37.8,3.7832
37.9,3.7837
38,3.7842
38.1,3.7846
38.2,3.7851
38.3,3.7856
38.4,3.7861
38.5,3.7866
38.6,3.7871
38.7,3.7875
38.8,3.788
38.9,3.7885
39,3.789
39.1,3.7895
39.2,3.7899
39.3,3.7904
39.4,3.7909
39.5,3.7914
39.6,3.7918
39.7,3.7923
39.8,3.7928
39.9,3.7932
40,3.7937
40.1,3.7942
40.2,3.7946
40.3,3.7951
40.4,3.7956
40.5,3.796
40.6,3.7965
40.7,3.797
40.8,3.7974
40.9,3.7979
41,3.7984
41.1,3.7988
41.2,3.7993
41.3,3.7998
41.4,3.8002
41.5,3.8007
41.6,3.8011
41.7,3.8016
41.8,3.8021
41.9,3.8025
42,3.803
42.1,3.8034
42.2,3.8039
42.3,3.8044
42.4,3.8048
42.5,3.8053
42.6,3.8057
42.7,3.8062
42.8,3.8066
42.9,3.8071
43,3.8076
43.1,3.808
43.2,3.8085
43.3,3.8089
43.4,3.8094
43.5,3.8098
43.6,3.8103
43.7,3.8108
43.8,3.8112
43.9,3.8117
44,3.8121
44.1,3.8126
44.2,3.813
44.3,3.8135
44.4,3.8139
44.5,3.8144
44.6,3.8148
44.7,3.8153
44.8,3.8158
44.9,3.8162
45,3.8167
45.1,3.8171
45.2,3.8176
45.3,3.818
45.4,3.8185
45.5,3.8189
45.6,3.8194
45.7,3.8198
45.8,3.8203
45.9,3.8208
46,3.8212
46.1,3.8217
46.2,3.8221
46.3,3.8226
46.4,3.823
46.5,3.8235
46.6,3.8239
46.7,3.8244
46.8,3.8248
46.9,3.8253
47,3.8258
47.1,3.8262
47.2,3.8267
47.3,3.8271
47.4,3.8276
47.5,3.828
47.6,3.8285
47.7,3.829
47.8,3.8294
47.9,3.8299
48,3.8303
48.1,3.8308
48.2,3.8312
48.3,3.8317
48.4,3.8322
48.5,3.8326
48.6,3.8331
48.7,3.8335
48.8,3.834
48.9,3.8344
49,3.8349
49.1,3.8354
49.2,3.8358
49.3,3.8363
49.4,3.8367
49.5,3.8372
49.6,3.8377
49.7,3.8381
49.8,3.8386
49.9,3.839
50,3.8395
50.1,3.84
50.2,3.8404
50.3,3.8409
50.4,3.8414
50.5,3.8418
50.6,3.8423
50.7,3.8427
50.8,3.8432
50.9,3.8437
51,3.8441
51.1,3.8446
51.2,3.8451
51.3,3.8455
51.4,3.846
51.5,3.8465
51.6,3.8469
51.7,3.8474
51.8,3.8479
51.9,3.8483
52,3.8488
52.1,3.8493
52.2,3.8497
52.3,3.8502
52.4,3.8507
52.5,3.8511
52.6,3.8516
52.7,3.8521
52.8,3.8525
52.9,3.853
53,3.8535
53.1,3.8539
53.2,3.8544
53.3,3.8549
53.4,3.8553
53.5,3.8558
53.6,3.8563
53.7,3.8568
53.8,3.8572
53.9,3.8577
54,3.8582
54.1,3.8586
54.2,3.8591
54.3,3.8596
54.4,3.8601
54.5,3.8605
54.6,3.861
54.7,3.8615
54.8,3.862
54.9,3.8624
55,3.8629
55.1,3.8634
55.2,3.8638
55.3,3.8643
55.4,3.8648
55.5,3.8653
55.6,3.8657
55.7,3.8662
55.8,3.8667
55.9,3.8672
56,3.8677
56.1,3.8681
56.2,3.8686
56.3,3.8691
56.4,3.8696
56.5,3.87
56.6,3.8705
56.7,3.871
56.8,3.8715
56.9,3.8719
57,3.8724
57.1,3.8729
57.2,3.8734
57.3,3.8739
57.4,3.8743
57.5,3.8748
57.6,3.8753
57.7,3.8758
57.8,3.8763
57.9,3.8767
58,3.8772
58.1,3.8777
58.2,3.8782
58.3,3.8787
58.4,3.8791
58.5,3.8796
58.6,3.8801
58.7,3.8806
58.8,3.8811
58.9,3.8816
59,3.882
59.1,3.8825
59.2,3.883
59.3,3.8835
59.4,3.884
59.5,3.8844
59.6,3.8849
59.7,3.8854
59.8,3.8859
59.9,3.8864
60,3.8869
60.1,3.8873
60.2,3.8878
60.3,3.8883
60.4,3.8888
60.5,3.8893
60.6,3.8898
60.7,3.8902
60.8,3.8907
60.9,3.8912
61,3.8917
61.1,3.8922
61.2,3.8927
61.3,3.8932
61.4,3.8936
61.5,3.8941
61.6,3.8946
61.7,3.8951
61.8,3.8956
61.9,3.8961
62,3.8966
62.1,3.897
62.2,3.8975
62.3,3.898
62.4,3.8985
62.5,3.899
62.6,3.8995
62.7,3.9
62.8,3.9004
62.9,3.9009
63,3.9014
63.1,3.9019
63.2,3.9024
63.3,3.9029
63.4,3.9034
63.5,3.9039
63.6,3.9043
63.7,3.9048
63.8,3.9053
63.9,3.9058
64,3.9063
64.1,3.9068
64.2,3.9073
64.3,3.9078
64.4,3.9082
64.5,3.9087
64.6,3.9092
64.7,3.9097
64.8,3.9102
64.9,3.9107
65,3.9112
65.1,3.9117
65.2,3.9122
65.3,3.9126
65.4,3.9131
65.5,3.9136
65.6,3.9141
65.7,3.9146
65.8,3.9151
65.9,3.9156
66,3.9161
66.1,3.9166
66.2,3.917
66.3,3.9175
66.4,3.918
66.5,3.9185
66.6,3.919
66.7,3.9195
66.8,3.92
66.9,3.9205
67,3.921
67.1,3.9215
67.2,3.922
67.3,3.9224
67.4,3.9229
67.5,3.9234
67.6,3.9239
67.7,3.9244
67.8,3.9249
67.9,3.9254
68,3.9259
68.1,3.9264
68.2,3.9269
68.3,3.9274
68.4,3.9279
68.5,3.9284
68.6,3.9288
68.7,3.9293
68.8,3.9298
68.9,3.9303
69,3.9308
69.1,3.9313
69.2,3.9318
69.3,3.9323
69.4,3.9328
69.5,3.9333
69.6,3.9338
69.7,3.9343
69.8,3.9348
69.9,3.9353
70,3.9358
70.1,3.9363
70.2,3.9368
70.3,3.9373
70.4,3.9378
70.5,3.9383
70.6,3.9388
70.7,3.9393
70.8,3.9398
70.9,3.9403
71,3.9408
71.1,3.9413
71.2,3.9418
71.3,3.9423
71.4,3.9428
71.5,3.9433
71.6,3.9438
71.7,3.9443
71.8,3.9448
71.9,3.9453
72,3.9458
72.1,3.9463
72.2,3.9468
72.3,3.9473
72.4,3.9478
72.5,3.9483
72.6,3.9488
72.7,3.9493
72.8,3.9498
72.9,3.9503
73,3.9508
73.1,3.9513
73.2,3.9518
73.3,3.9524
73.4,3.9529
73.5,3.9534
73.6,3.9539
73.7,3.9544
73.8,3.9549
73.9,3.9554
74,3.9559
74.1,3.9565
74.2,3.957
74.3,3.9575
74.4,3.958
74.5,3.9585
74.6,3.959
74.7,3.9596
74.8,3.9601
74.9,3.9606
75,3.9611
75.1,3.9616
75.2,3.9622
75.3,3.9627
75.4,3.9632
75.5,3.9637
75.6,3.9643
75.7,3.9648
75.8,3.9653
75.9,3.9659
76,3.9664
76.1,3.9669
76.2,3.9674
76.3,3.968
76.4,3.9685
76.5,3.969
76.6,3.9696
76.7,3.9701
76.8,3.9707
76.9,3.9712
77,3.9717
77.1,3.9723
77.2,3.9728
77.3,3.9734
77.4,3.9739
77.5,3.9745
77.6,3.975
77.7,3.9756
77.8,3.9761
77.9,3.9767
78,3.9772
78.1,3.9778
78.2,3.9783
78.3,3.9789
78.4,3.9794
78.5,3.98
78.6,3.9806
78.7,3.9811
78.8,3.9817
78.9,3.9823
79,3.9828
79.1,3.9834
79.2,3.984
79.3,3.9845
79.4,3.9851
79.5,3.9857
79.6,3.9863
79.7,3.9868
79.8,3.9874
79.9,3.988
80,3.9886
80.1,3.9892
80.2,3.9898
80.3,3.9904
80.4,3.991
80.5,3.9915
80.6,3.9921
80.7,3.9927
80.8,3.9933
80.9,3.9939
81,3.9946
81.1,3.9952
81.2,3.9958
81.3,3.9964
81.4,3.997
81.5,3.9976
81.6,3.9982
81.7,3.9988
81.8,3.9995
81.9,4.0001
82,4.0007
82.1,4.0014
82.2,4.002
82.3,4.0026
82.4,4.0033
82.5,4.0039
82.6,4.0045
82.7,4.0052
82.8,4.0058
82.9,4.0065
83,4.0071
83.1,4.0078
83.2,4.0085
83.3,4.0091
83.4,4.0098
83.5,4.0105
83.6,4.0111
83.7,4.0118
83.8,4.0125
83.9,4.0132
84,4.0139
84.1,4.0145
84.2,4.0152
84.3,4.0159
84.4,4.0166
84.5,4.0173
84.6,4.018
84.7,4.0187
84.8,4.0194
84.9,4.0202
85,4.0209
85.1,4.0216
85.2,4.0223
85.3,4.0231
85.4,4.0238
85.5,4.0245
85.6,4.0253
85.7,4.026
85.8,4.0268
85.9,4.0275
86,4.0283
86.1,4.029
86.2,4.0298
86.3,4.0306
86.4,4.0313
86.5,4.0321
86.6,4.0329
86.7,4.0337
86.8,4.0345
86.9,4.0353
87,4.0361
87.1,4.0369
87.2,4.0377
87.3,4.0385
87.4,4.0393
87.5,4.0401
87.6,4.0409
87.7,4.0418
87.8,4.0426
87.9,4.0434
88,4.0443
88.1,4.0451
88.2,4.046
88.3,4.0469
88.4,4.0477
88.5,4.0486
88.6,4.0495
88.7,4.0504
88.8,4.0512
88.9,4.0521
89,4.053
89.1,4.0539
89.2,4.0549
89.3,4.0558
89.4,4.0567
89.5,4.0576
89.6,4.0586
89.7,4.0595
89.8,4.0604
89.9,4.0614
90,4.0623
90.1,4.0633
90.2,4.0643
90.3,4.0653
90.4,4.0662
90.5,4.0672
90.6,4.0682
90.7,4.0692
90.8,4.0702
90.9,4.0713
91,4.0723
91.1,4.0733
91.2,4.0743
91.3,4.0754
91.4,4.0764
91.5,4.0775
91.6,4.0786
91.7,4.0796
91.8,4.0807
91.9,4.0818
92,4.0829
92.1,4.084
92.2,4.0851
92.3,4.0862
92.4,4.0873
92.5,4.0885
92.6,4.0896
92.7,4.0907
92.8,4.0919
92.9,4.0931
93,4.0942
93.1,4.0954
93.2,4.0966
93.3,4.0978
93.4,4.099
93.5,4.1002
93.6,4.1014
93.7,4.1027
93.8,4.1039
93.9,4.1052
94,4.1064
94.1,4.1077
94.2,4.1089
94.3,4.1102
94.4,4.1115
94.5,4.1128
94.6,4.1141
94.7,4.1155
94.8,4.1168
94.9,4.1181
95,4.1195
95.1,4.1208
95.2,4.1222
95.3,4.1236
95.4,4.125
95.5,4.1264
95.6,4.1278
95.7,4.1292
95.8,4.1306
95.9,4.1321
96,4.1335
96.1,4.135
96.2,4.1365
96.3,4.1379
96.4,4.1394
96.5,4.1409
96.6,4.1424
96.7,4.144
96.8,4.1455
96.9,4.1471
97,4.1486
97.1,4.1502
97.2,4.1518
97.3,4.1534
97.4,4.155
97.5,4.1566
97.6,4.1582
97.7,4.1599
97.8,4.1615
97.9,4.1632
98,4.1649
98.1,4.1666
98.2,4.1683
98.3,4.17
98.4,4.1717
98.5,4.1734
98.6,4.1752
98.7,4.177
98.8,4.1788
98.9,4.1805
99,4.1824
99.1,4.1842
99.2,4.186
99.3,4.1879
99.4,4.1897
99.5,4.1916
99.6,4.1935
99.7,4.1954
99.8,4.1973
99.9,4.1992
100,4.2012
